15, 4176
2137, 851286
4256, 852158
6351, 852495
8683, 852486
10790, 852650
12957, 852699
15099, 852751
17261, 852858
19396, 852810
21520, 852866
23661, 853033
25826, 852895
27956, 852934
30124, 853005
32326, 853110
34454, 853050
36614, 853059
38752, 853102
40908, 853100
43100, 853189
45254, 853196
47371, 853228
49498, 853214
51643, 853251
53837, 853268
56016, 853197
58171, 853271
60327, 853206
62541, 853285
64634, 853273
66760, 853268
68961, 853244
71141, 853120
73343, 853280
75566, 853282
77826, 853284
80161, 853217
82301, 853225
84427, 853253
86560, 853215
88680, 853286
123, 856122
3028, 1692291
5883, 1692496
8678, 1692857
11721, 1693162
14547, 1693551
17479, 1693607
20352, 1693699
23215, 1693782
26150, 1693739
29132, 1693762
32293, 1693782
35297, 1693955
38308, 1693979
41169, 1693853
44220, 1693999
47164, 1694025
50101, 1694071
52974, 1694108
